350 50 100
100 100 100 100 100 100 100 100 100 100 100 100 100 100 100 100 100 100 100 100 100 100 100 100 100 100 100 100 100 100 100 100 100 100 100 100 100 100 100 100 100 100 100 100 100 100 100 100 100 100 100 100 100 100 100 100 100 100 100 100 100 100 100 100 100 100 100 100 100 100 100 100 100 100 100 100 100 100 100 100 100 100 100 100 100 100 100 100 100 100 100 100 100 100 100 100 100 100 100 100 100 100 100 100 100 100 100 100 100 100 100 100 100 100 100 100 100 100 100 100 100 100 100 100 100 100 100 100 100 100 100 100 100 100 100 100 100 100 100 100 100 100 100 100 100 100 100 100 100 100 100 100 100 100 100 100 100 100 100 100 100 100 100 100 100 100 100 100 100 100 100 100 100 100 100 100 100 100 100 100 100 100 100 100 100 100 100 100 100 100 100 100 100 100 100 100 100 100 100 100 100 100 100 100 100 100 100 100 100 100 100 100 100 100 100 100 100 100 100 100 100 100 100 100 100 100 100 100 100 100 100 100 100 100 100 100 100 100 100 100 100 100 100 100 100 100 100 100 100 100 100 100 100 100 100 100 100 100 100 100 100 100 100 100 100 100 100 100 100 100 100 100 100 100 100 100 100 100 100 100 100 100 100 100 100 100 100 100 100 100 100 100 100 100 100 100 100 100 100 100 100 100 100 100 100 100 100 100 100 100 100 100 100 100 100 100 100 100 100 100 100 100 100 100 100 100 100 100 100 100 100 100 100 100 100 100 100 100 100 100 100 100 100 100 100 100 100 100 100 100
6 2 1
0 1 2 3 4 5
9 2 1
0 6 7 8 9 10 11 12 13
7 2 1
14 15 16 17 18 19 20
8 2 1
14 21 22 23 24 25 26 27
9 2 1
28 29 30 31 32 33 34 35 36
6 2 1
28 37 38 39 40 41
11 2 1
42 43 44 45 46 47 48 49 50 51 52
4 2 1
42 53 54 55
6 2 1
56 57 58 59 60 61
9 2 1
56 62 63 64 65 66 67 68 69
8 2 1
70 71 72 73 74 75 76 77
7 2 1
70 78 79 80 81 82 83
7 2 1
84 85 86 87 88 89 90
8 2 1
84 91 92 93 94 95 96 97
6 2 1
98 99 100 101 102 103
8 2 1
98 104 105 106 107 108 109 110
7 2 1
111 112 113 114 115 116 117
7 2 1
111 118 119 120 121 122 123
6 2 1
124 125 126 127 128 129
9 2 1
124 130 131 132 133 134 135 136 137
6 2 1
138 139 140 141 142 143
9 2 1
138 144 145 146 147 148 149 150 151
10 2 1
152 153 154 155 156 157 158 159 160 161
5 2 1
152 162 163 164 165
7 2 1
166 167 168 169 170 171 172
8 2 1
166 173 174 175 176 177 178 179
8 2 1
180 181 182 183 184 185 186 187
7 2 1
180 188 189 190 191 192 193
8 2 1
194 195 196 197 198 199 200 201
7 2 1
194 202 203 204 205 206 207
10 2 1
208 209 210 211 212 213 214 215 216 217
5 2 1
208 218 219 220 221
7 2 1
222 223 224 225 226 227 228
8 2 1
222 229 230 231 232 233 234 235
9 2 1
236 237 238 239 240 241 242 243 244
6 2 1
236 245 246 247 248 249
8 2 1
250 251 252 253 254 255 256 257
7 2 1
250 258 259 260 261 262 263
8 2 1
264 265 266 267 268 269 270 271
7 2 1
264 272 273 274 275 276 277
7 2 1
278 279 280 281 282 283 284
8 2 1
278 285 286 287 288 289 290 291
9 2 1
292 293 294 295 296 297 298 299 300
6 2 1
292 301 302 303 304 305
6 2 1
306 307 308 309 310 311
8 2 1
306 312 313 314 315 316 317 318
8 2 1
319 320 321 322 323 324 325 326
7 2 1
319 327 328 329 330 331 332
10 2 1
333 334 335 336 337 338 339 340 341 342
4 2 1
333 343 344 345
