40 10 80
144 230 821 70 141 751 227 358 170 357 238 757 498 995 508 502 32 784 720 380 352 316 572 452 321 868 43 55 322 921 587 99 89 47 140 720 930 467 645 525
18 10 3
23 38 29 22 21 0 10 26 27 30 9 20 18 39 11 33 6 34
5 3 2
30 24 37 20 16
2 4 3
1 6
11 7 5
7 4 17 38 0 33 37 13 24 9 14
15 2 4
37 14 2 7 6 10 13 38 32 16 27 21 5 29 4
5 7 4
5 39 33 36 15
7 4 2
20 38 19 6 0 11 2
13 1 2
0 10 30 24 34 5 25 21 3 23 6 28 13
14 4 1
12 19 17 14 1 18 38 6 9 22 32 26 30 11
13 3 5
34 19 15 28 26 1 14 7 31 9 33 6 18
