40 10 8
641 732 559 485 89 178 446 752 458 268 549 295 557 357 64 477 211 394 438 798 285 675 426 308 432 612 244 128 250 132 843 840 189 873 207 702 951 715 232 241
18 4 5
1 15 32 0 4 29 37 36 2 39 14 12 16 33 9 21 19 10
19 9 4
21 8 20 15 27 16 3 31 25 29 14 35 4 36 17 1 39 5 6
1 6 1
6
12 3 5
11 17 23 18 20 28 19 35 8 2 9 39
14 5 5
36 22 3 7 33 13 26 5 32 27 23 14 35 6
2 2 5
35 2
11 5 4
34 12 32 18 2 35 26 15 37 14 11
10 10 5
31 8 4 25 37 38 30 9 16 20
15 4 5
18 29 22 35 21 14 9 0 15 17 34 13 39 31 36
4 9 4
37 25 12 2
