40 10 8
816 698 713 509 756 784 820 200 151 304 628 199 94 203 466 97 637 974 823 737 589 456 749 667 684 583 21 834 145 92 257 409 272 585 73 704 200 249 548 103
19 3 1
39 34 7 37 10 23 28 29 12 21 27 1 4 31 3 16 5 9 2
16 1 4
36 29 32 7 31 4 38 2 27 9 24 8 16 37 14 18
20 3 2
20 6 29 24 30 18 17 2 13 28 21 0 1 15 34 10 9 26 5 12
7 9 4
1 18 31 8 17 32 9
12 9 2
2 12 33 24 23 28 29 1 18 16 7 8
3 9 3
32 29 9
19 9 4
17 23 26 8 30 5 29 2 39 19 10 28 7 25 22 27 12 31 11
9 4 3
13 6 18 22 19 10 32 15 3
12 7 4
17 25 36 10 1 26 31 30 19 23 13 29
4 9 4
11 0 15 12
