40 10 8
312 593 284 312 131 9 686 378 362 895 913 262 970 263 190 825 700 83 545 525 220 876 950 861 703 796 462 177 454 988 682 599 602 969 639 692 497 989 60 448
9 8 2
2 23 4 34 0 28 35 29 37
17 5 5
38 10 26 27 7 12 5 0 3 39 25 30 21 19 13 37 11
12 8 1
8 38 27 39 33 24 36 30 20 2 4 7
5 7 5
37 2 9 16 5
14 7 2
6 27 36 38 37 35 28 5 4 11 30 26 0 18
4 8 2
29 37 20 15
20 1 5
31 9 27 5 7 24 33 35 18 36 25 19 14 0 13 26 6 39 17 38
13 4 2
3 17 35 10 26 14 18 15 30 0 37 11 4
6 3 1
32 38 23 7 19 28
17 2 4
15 21 20 24 38 28 12 22 27 26 6 8 39 5 16 3 35
