100 25 100
435 637 323 417 579 26 354 810 719 733 938 219 371 684 438 838 633 284 845 250 419 230 304 87 349 254 369 247 573 964 474 492 40 142 634 215 876 566 800 984 72 430 272 152 468 823 321 25 383 221 311 368 592 696 479 775 124 559 976 844 832 568 137 564 594 917 295 671 782 497 161 565 28 145 574 222 736 789 243 879 872 666 602 585 485 158 698 605 199 166 86 873 856 293 150 940 463 645 684 458
20 9 3
62 37 85 38 91 73 12 8 76 10 7 72 93 11 78 53 95 87 75 99
18 10 2
84 60 27 42 26 74 79 77 10 49 94 52 68 22 53 37 93 80
18 2 2
2 83 30 68 98 26 65 77 82 39 48 63 49 73 55 93 14 81
15 9 2
36 75 48 49 18 6 51 21 62 74 4 41 98 94 55
8 1 5
93 72 70 51 99 46 14 90
4 2 1
11 91 57 52
6 2 5
96 45 10 2 36 87
15 1 2
62 51 6 79 25 2 26 1 97 0 13 5 99 59 77
11 6 1
99 56 6 15 75 35 90 36 82 52 10
14 9 5
58 70 9 56 21 81 73 79 4 78 40 50 11 62
1 4 5
96
15 10 4
26 68 80 29 42 48 7 34 25 56 33 50 96 17 36
17 1 3
74 51 55 64 30 61 13 8 26 42 93 37 20 12 72 99 31
3 6 4
66 40 13
11 2 5
2 12 68 20 54 57 84 76 56 93 79
15 9 5
3 92 0 95 7 4 11 84 68 46 18 34 33 74 63
18 1 1
64 69 53 49 13 83 76 19 65 71 93 4 6 41 84 45 81 18
20 3 1
67 88 30 86 37 68 70 38 65 89 2 92 60 0 4 45 1 19 90 62
19 8 5
69 33 54 72 43 78 63 86 39 52 20 92 8 56 45 48 77 88 35
10 10 2
9 21 76 59 51 11 90 40 45 70
5 3 4
88 64 95 46 29
9 4 4
86 40 30 41 10 21 94 85 26
7 9 2
99 77 33 3 89 25 23
19 2 3
5 36 85 43 95 40 8 58 11 50 42 38 73 7 27 82 18 10 44
3 10 2
25 24 39
