100 10 100
833 764 339 36 984 523 844 653 44 628 280 160 212 296 482 370 980 444 213 286 910 355 451 956 776 323 658 725 430 56 617 949 718 627 371 702 903 608 194 588 621 869 467 293 990 859 408 509 579 580 372 116 642 544 347 227 595 897 148 432 381 150 742 635 478 971 22 207 559 362 741 278 87 359 252 245 486 416 520 468 57 947 13 951 650 342 607 903 987 293 745 216 396 343 111 78 835 901 324 834
17 5 1
92 55 95 61 27 72 3 22 88 59 79 83 0 12 19 8 43
14 10 2
61 35 64 8 90 41 57 45 16 95 28 62 96 78
4 5 4
77 58 28 71
11 9 2
84 79 4 2 65 71 62 26 38 96 72
16 5 5
2 52 54 21 14 25 78 56 94 35 55 60 97 24 81 26
6 1 4
82 59 24 21 94 6
7 10 4
67 62 96 69 40 28 57
12 7 2
63 5 64 98 16 99 62 70 88 82 80 68
6 8 2
99 89 97 50 49 55
12 9 1
19 13 63 75 49 87 20 97 10 11 30 42
