100 25 100
517 61 740 826 31 18 364 556 104 310 832 627 328 627 582 317 140 14 492 386 668 258 496 743 112 255 145 674 743 608 530 865 637 161 287 271 197 784 963 102 71 67 459 629 311 271 118 299 827 264 277 982 671 344 511 149 616 397 660 751 515 984 209 87 390 780 173 423 430 671 217 914 291 765 706 497 338 621 22 614 590 38 729 418 969 582 485 188 894 826 43 854 709 640 784 232 488 756 214 185
10 10 1
59 19 68 26 30 38 47 27 79 7
11 10 1
57 56 54 33 63 72 48 93 98 40 13
14 6 1
91 54 20 55 13 95 25 18 77 23 97 28 89 32
9 2 1
6 69 13 48 74 24 78 63 11
8 4 5
45 7 73 65 77 32 10 81
8 10 4
56 70 37 85 96 89 77 20
10 6 3
29 6 57 86 47 21 76 95 74 41
18 9 1
43 20 77 51 60 3 75 44 86 84 57 38 14 62 28 66 95 18
4 6 2
9 16 11 29
9 6 1
53 57 25 78 46 14 37 0 61
12 7 3
99 35 72 40 61 32 16 36 0 70 98 62
9 5 3
1 52 46 39 59 40 31 10 8
16 10 3
4 51 42 88 37 48 72 30 76 52 8 57 93 98 78 16
5 7 2
0 81 97 50 89
17 7 2
14 17 29 27 72 38 96 40 32 18 24 55 36 47 42 8 93
9 3 3
34 22 83 99 71 90 0 44 1
1 4 2
94
9 10 5
20 91 61 23 68 51 16 98 62
10 7 3
54 55 78 34 35 61 94 73 13 87
4 5 1
0 90 17 3
18 10 5
34 98 39 40 66 57 2 88 56 14 6 13 16 42 19 61 50 71
19 6 2
47 39 98 88 74 69 80 25 78 6 73 45 10 86 32 38 43 11 34
19 5 4
20 60 0 53 16 29 12 97 94 4 48 37 23 56 80 79 49 92 45
6 5 2
1 54 81 45 28 40
5 9 5
20 91 38 57 82
