100 10 20
199 105 904 353 337 969 691 641 186 54 29 863 262 891 996 504 765 485 307 988 919 422 956 600 789 110 315 569 257 537 128 870 943 69 215 873 109 501 712 924 525 618 464 161 135 764 885 9 562 730 800 275 297 375 911 811 321 46 544 31 388 536 747 207 264 538 830 151 859 72 260 180 973 58 986 254 307 761 480 691 835 666 766 904 873 557 714 426 643 702 497 250 2 676 301 614 974 454 975 217
12 1 5
39 21 62 80 51 57 20 94 83 24 41 76
10 1 5
28 3 72 0 34 82 21 54 91 27
17 4 1
61 42 40 45 77 27 47 53 4 54 78 76 91 3 51 75 10
14 6 2
31 79 73 46 25 33 83 15 85 90 72 44 4 58
20 9 1
43 34 48 80 74 84 31 82 98 24 94 18 14 27 0 75 65 92 9 19
11 2 3
93 15 14 79 52 76 19 33 94 53 40
10 10 1
71 51 25 48 62 35 95 79 57 3
10 8 2
6 78 4 36 80 28 55 56 68 42
18 7 1
11 5 32 53 48 18 13 64 97 56 63 66 55 95 33 41 81 16
9 7 5
62 41 18 73 63 9 69 7 75
