100 25 100
623 779 862 119 784 161 838 605 196 546 616 970 903 377 650 946 194 769 647 550 356 568 990 46 507 652 108 932 775 804 372 846 729 392 859 228 148 429 369 232 62 267 463 900 760 509 883 89 244 402 573 658 727 923 108 73 933 135 673 682 634 297 286 554 715 220 986 938 552 399 165 864 248 215 618 748 576 861 619 923 368 853 700 44 684 334 761 434 367 1 342 554 453 230 138 409 906 808 756 476
9 9 2
89 13 85 98 58 20 74 8 67
2 7 3
55 8
18 3 3
23 96 72 44 8 9 80 55 89 81 6 7 13 54 90 19 39 97
3 1 3
35 64 42
15 10 2
44 91 12 79 5 80 27 20 68 52 90 36 57 4 21
20 9 5
91 69 75 43 85 45 40 51 77 29 37 6 79 14 47 95 62 10 42 74
3 3 4
16 8 4
14 8 2
97 36 92 24 73 58 79 13 53 26 93 60 72 9
20 2 3
84 95 81 49 63 6 74 1 19 53 61 80 51 68 96 89 52 3 39 15
18 7 2
38 39 82 35 55 32 83 77 4 58 10 90 92 43 14 88 59 96
2 8 4
13 45
14 6 2
78 66 3 87 10 96 60 15 97 94 22 8 52 23
10 6 2
49 16 50 28 2 14 94 83 8 20
2 6 4
24 96
1 2 1
5
10 9 2
77 62 66 95 68 5 20 21 58 54
3 6 2
22 62 18
3 8 1
23 68 90
16 6 4
27 70 24 76 4 90 67 25 83 20 23 52 88 65 3 59
18 4 3
83 8 30 71 97 22 42 14 48 25 72 67 96 24 36 3 26 63
16 6 1
72 59 70 21 80 66 3 13 23 77 39 74 15 8 7 52
11 3 1
61 48 74 77 97 57 8 65 78 44 20
13 1 4
72 26 78 17 64 34 28 33 6 5 59 89 7
17 8 3
62 96 10 56 23 30 86 2 22 55 45 25 54 28 73 5 67
8 2 3
85 92 41 62 55 76 80 16
