100 10 20
581 320 537 106 826 140 289 3 512 236 186 537 721 885 464 928 881 158 798 355 276 683 273 85 248 99 492 595 414 240 231 981 532 782 516 84 166 744 200 516 716 33 620 128 80 108 783 36 296 102 666 325 759 619 903 171 661 155 35 688 685 18 304 367 88 90 583 984 510 194 603 810 32 959 939 859 969 539 486 545 828 946 835 55 76 794 586 724 829 45 462 401 295 404 132 525 953 955 223 27
10 5 2
85 77 51 30 88 86 55 76 87 32
13 2 1
61 47 8 99 89 54 3 24 63 14 28 48 29
10 6 4
87 93 37 3 98 82 43 84 56 31
18 5 3
41 24 64 45 48 93 75 56 36 15 79 96 68 47 39 8 1 76
15 9 1
73 50 26 93 85 58 51 69 3 77 6 55 41 44 52
7 3 3
86 83 95 4 3 79 29
3 6 5
77 52 50
12 9 4
21 30 49 18 8 23 75 34 78 72 13 66
3 5 1
27 71 17
9 9 3
74 29 86 39 2 71 81 67 87
