100 25 200
29 139 850 510 508 721 80 350 826 888 98 715 760 239 390 790 352 505 466 977 679 111 353 394 458 636 816 953 289 731 1 621 833 758 660 404 896 93 430 270 680 255 867 270 371 902 849 152 120 487 738 452 743 550 767 440 726 658 411 287 967 732 363 243 944 486 216 335 570 774 308 432 86 781 574 929 711 555 101 363 610 48 139 852 812 242 76 102 561 208 286 994 853 365 493 948 345 807 515 147
18 3 4
7 72 80 89 81 45 61 86 22 88 76 44 59 38 55 65 60 28
5 1 2
91 29 62 23 77
7 2 4
80 97 23 98 14 85 57
19 6 3
28 34 87 95 99 23 21 38 69 19 30 5 49 94 32 56 73 9 13
14 8 1
0 90 75 20 41 73 55 16 8 36 10 89 30 81
19 10 2
45 74 86 62 4 70 99 66 26 16 1 41 30 49 32 44 2 73 94
10 2 4
35 36 84 72 17 71 57 42 1 99
3 3 5
36 74 26
1 3 1
7
12 5 5
76 39 13 0 34 81 80 61 64 86 41 46
4 9 2
25 58 1 87
1 1 3
28
13 2 2
77 49 27 57 14 0 16 24 66 65 52 51 71
1 3 5
59
10 8 3
69 31 44 76 93 62 43 0 24 84
9 3 2
39 20 91 0 4 81 92 27 65
1 7 3
98
4 10 5
80 7 15 64
10 9 3
76 47 40 58 68 20 90 14 84 66
5 8 3
86 54 98 34 14
15 7 4
13 57 60 66 79 91 40 29 34 19 38 5 72 82 75
15 7 5
59 9 49 43 22 5 4 89 42 71 62 34 7 27 45
11 4 1
28 99 85 0 1 64 86 70 45 43 24
6 5 3
46 78 84 83 49 75
10 10 1
82 86 48 34 30 23 66 90 44 1
