100 10 200
94 37 169 248 638 107 633 96 481 129 700 497 216 194 726 742 253 459 395 438 30 663 547 392 196 882 490 845 840 707 571 57 868 20 926 900 430 273 961 49 410 823 547 955 831 618 948 830 417 410 635 572 134 528 503 134 532 106 903 756 400 601 303 540 91 737 866 431 563 787 33 924 416 522 972 55 781 310 507 880 267 489 799 693 976 532 878 825 752 869 720 148 28 917 737 984 287 725 527 161
8 7 5
37 13 42 52 1 53 33 61
2 2 1
22 58
14 9 4
28 50 68 87 45 86 30 16 65 6 25 60 10 57
4 7 2
72 82 26 95
19 8 4
93 19 5 50 32 98 8 45 63 88 40 38 30 56 27 44 74 35 9
18 8 4
38 95 46 43 11 58 0 87 17 94 1 36 23 90 82 27 59 84
6 9 3
0 40 55 61 2 59
9 7 4
82 16 14 80 99 32 23 51 83
9 2 5
16 27 24 1 92 59 53 40 90
18 3 4
75 17 26 86 81 76 87 54 89 46 24 53 98 49 11 33 80 95
