100 10 100
906 644 195 998 486 194 703 250 515 113 813 220 538 703 967 691 739 577 630 731 687 807 312 25 565 683 497 303 183 673 442 476 918 766 863 117 624 491 427 748 860 403 606 834 784 364 260 959 347 726 903 355 639 553 937 993 735 888 709 856 872 838 218 41 597 423 913 481 314 772 443 871 670 773 110 604 277 74 984 549 865 304 365 380 878 655 735 272 406 446 747 828 877 334 84 422 594 782 603 145
3 6 4
71 69 21
17 10 2
54 82 42 29 39 63 95 59 12 8 88 89 10 3 16 87 61
1 8 1
93
17 7 5
5 40 20 32 51 80 70 99 84 56 91 26 12 97 65 0 22
10 4 4
41 31 96 2 69 28 61 47 4 11
13 2 4
4 90 28 43 11 82 69 53 33 0 32 37 83
16 8 1
18 75 35 45 3 5 73 13 25 42 8 72 30 69 26 7
3 1 2
52 74 90
16 1 2
72 63 43 38 88 79 69 41 16 3 20 50 73 82 4 85
12 10 4
80 4 38 42 66 19 54 74 84 58 31 70
