100 25 20
956 442 405 503 18 520 166 760 158 153 602 228 446 342 858 246 543 43 954 756 792 92 597 829 853 215 828 533 936 104 153 838 663 872 772 52 21 184 809 115 369 673 864 179 580 193 517 112 22 268 495 189 404 698 739 848 444 809 45 632 985 584 473 600 45 473 689 416 183 353 708 376 648 493 335 407 442 780 547 471 158 160 309 207 387 417 274 232 828 94 285 803 464 156 750 320 461 736 743 602
6 5 5
26 32 67 11 95 61
7 9 1
57 3 67 50 0 4 2
11 7 4
83 19 75 49 40 50 47 58 28 2 65
2 8 3
74 65
19 1 2
36 16 74 95 80 4 81 55 28 68 39 20 73 64 9 40 37 67 27
8 9 4
88 63 34 28 30 46 44 9
7 9 4
45 37 94 36 77 39 33
14 1 2
56 20 23 92 66 48 33 28 54 58 64 68 78 76
6 4 4
33 83 53 29 68 34
18 6 3
16 31 25 38 34 11 10 14 20 86 87 39 57 91 80 37 44 92
3 1 4
81 28 14
12 9 5
84 49 67 78 56 82 74 13 30 95 2 85
11 4 3
22 67 83 84 61 78 69 86 21 53 25
17 5 1
68 47 84 3 5 80 9 51 91 58 16 76 75 95 14 26 46
15 4 5
72 82 34 39 28 63 68 29 19 64 1 59 25 42 62
9 3 3
12 81 16 50 93 97 76 37 56
1 7 1
76
7 5 1
19 58 23 17 79 52 95
13 10 5
59 35 41 70 50 38 81 43 87 90 11 51 96
8 8 4
84 8 31 53 57 93 10 42
6 10 5
16 28 54 15 6 68
19 5 3
86 28 61 91 30 9 71 40 58 34 15 54 0 62 33 94 96 57 45
20 2 3
15 26 59 2 43 97 12 55 77 81 25 8 85 76 42 3 30 99 32 61
14 10 3
14 22 31 67 11 55 57 21 44 87 65 91 69 70
4 9 5
84 79 14 96
