25
4 4
12 57 79 91 
1 2
8 55 
5 14
6 10 14 29 37 40 42 43 45 47 51 69 74 75 
23 8
2 22 25 45 54 56 73 86 
20 2
15 74 
24 6
16 41 62 76 80 85 
8 13
1 3 15 19 49 51 52 53 63 80 84 95 96 
15 5
20 21 58 62 77 
3 3
35 42 64 
9 9
4 32 38 39 58 59 77 82 92 
6 3
4 8 16 
18 11
3 4 20 24 27 65 67 70 83 88 90 
17 3
23 68 90 
21 5
44 48 61 74 77 
10 2
13 45 
13 2
24 96 
2 9
6 7 9 39 44 72 81 89 96 
11 5
22 60 66 87 97 
7 3
13 79 93 
16 2
18 22 
0 2
67 98 
12 6
2 8 49 50 83 94 
14 1
5 
22 10
5 6 17 26 28 33 34 59 72 78 
19 4
26 30 36 71 
