23
10 1
96 
14 8
12 20 54 56 57 68 76 84 
17 8
4 19 30 60 67 86 88 89 
4 5
14 51 72 90 93 
18 8
8 33 35 39 43 52 69 88 
6 3
10 36 87 
9 9
4 9 11 21 62 70 73 78 81 
20 4
29 46 64 95 
3 6
21 48 74 75 94 98 
13 3
13 40 66 
12 8
12 13 26 31 51 61 72 93 
1 8
10 22 37 42 52 53 60 74 
21 5
10 21 41 85 86 
8 4
10 15 82 90 
15 3
34 63 92 
16 12
4 18 19 41 45 64 65 69 71 76 81 83 
24 2
24 39 
0 10
7 10 11 12 53 72 73 91 93 99 
22 4
3 23 25 89 
11 8
17 33 36 42 48 50 68 80 
23 13
5 7 10 11 18 27 36 38 42 43 44 58 73 
7 8
0 1 5 6 51 59 79 97 
2 8
2 30 48 49 55 65 77 82 
